=== LEADERBOARD TOP 15 ===
  1. Matriks: 0.00
  2. Laurbµrene: 0.00
  3. Maskinkraft: 0.00
  4. CatalystOne: 0.00
  5. People Made Machines: 0.00
  6. Companion: 0.00
  7. Stable Confusion: 0.00
  8. Agentix: 0.00
  9. Kult Byrσ: 0.00
  10. Works4me: 0.00
  11. Moxwold: 0.00
  12. Guru Meditation: 0.00
  13. J6X: 0.00
  14. Meme Dream Team: 0.00
  15. Proof Left to the Reader: 0.00
  Us: rank 32/330, score 0.00

  R1: score=None, weighted=?, status=completed, closes=2026-03-19T20:42:19.623584+00:00
  R2: score=3.0241, weighted=3.33, status=completed, closes=2026-03-19T23:47:20.455071+00:00
  R3: score=None, weighted=?, status=completed, closes=2026-03-20T02:53:20.948277+00:00
  R4: score=None, weighted=?, status=completed, closes=2026-03-20T05:46:53.460882+00:00
  R5: score=75.3847, weighted=96.21, status=completed, closes=2026-03-20T08:48:10.400305+00:00
  R6: score=77.9022, weighted=104.40, status=completed, closes=2026-03-20T11:53:16.644541+00:00
  R7: score=56.8517, weighted=80.00, status=completed, closes=2026-03-20T14:48:05.337597+00:00
  R8: score=73.6844, weighted=108.87, status=completed, closes=2026-03-20T17:46:15.123579+00:00
  R9: score=90.5929, weighted=140.54, status=completed, closes=2026-03-20T20:47:44.869339+00:00
  R10: score=91.6098, weighted=149.22, status=completed, closes=2026-03-20T23:45:58.134788+00:00
  R11: score=81.7665, weighted=139.85, status=completed, closes=2026-03-21T03:11:30.495136+00:00
  R12: score=58.8891, weighted=105.76, status=completed, closes=2026-03-21T06:06:46.272337+00:00
  R13: score=90.1031, weighted=169.90, status=completed, closes=2026-03-21T09:02:42.348839+00:00
  R14: score=None, weighted=?, status=active, closes=2026-03-21T11:59:55.745449+00:00

R14 details: {'id': 'd0a2c894-2162-4d49-86cf-435b9013f3b8', 'round_number': 14, 'event_date': '2026-03-21', 'status': 'active', 'map_width': 40, 'map_height': 40, 'seeds_count': 5, 'round_weight': 1.9799, 'started_at': '2026-03-21T09:14:55.745449+00:00', 'closes_at': '2026-03-21T11:59:55.745449+00:00', 'prediction_window_minutes': 165, 'round_score': None, 'seed_scores': None, 'seeds_submitted': 0, 'rank': None, 'total_teams': None, 'queries_used': 0, 'queries_max': 50, 'initial_grid': [[10, 10, 10, 10, 10, 10, 10, 10, 10, 10, 10, 10, 10, 10, 10, 10, 10, 10, 10, 10, 10, 10, 10, 10, 10, 10, 10, 10, 10, 10, 10, 10, 10, 10, 10, 10, 10, 10, 10, 10], [10, 11, 11, 4, 11, 4, 11, 11, 11, 10, 4, 4, 4, 11, 11, 4, 4, 4, 11, 11, 11, 4, 11, 4, 11, 11, 11, 11, 11, 11, 11, 4, 11, 11, 11, 4, 11, 11, 11, 10], [10, 11, 11, 4, 4, 11, 11, 11, 11, 10, 4, 1, 11, 11, 11, 4, 11, 11, 11, 11, 11, 4, 11, 11, 11, 11, 4, 11, 4, 11, 4, 11, 11, 11, 11, 11, 11, 1, 11, 10], [10, 11, 11, 4, 11, 11, 4, 4, 11, 10, 11, 11, 11, 11, 11, 11, 11, 4, 11, 11, 4, 11, 11, 4, 11, 4, 4, 11, 11, 4, 11, 5, 11, 11, 1, 11, 11, 11, 4, 10], [10, 11, 11, 11, 4, 1, 11, 11, 4, 10, 11, 11, 11, 11, 11, 11, 11, 4, 11, 11, 4, 11, 11, 11, 4, 11, 11, 11, 11, 11, 11, 4, 5, 4, 5, 11, 11, 11, 11, 10], [10, 11, 4, 11, 11, 4, 11, 11, 11, 10, 11, 11, 1, 4, 11, 11, 11, 4, 11, 11, 1, 11, 11, 11, 11, 11, 4, 11, 11, 11, 11, 11, 11, 11, 5, 11, 11, 4, 11, 10], [10, 11, 4, 4, 11, 11, 11, 11, 10, 11, 11, 11, 11, 11, 4, 11, 11, 11, 4, 11, 11, 4, 1, 4, 4, 4, 11, 4, 4, 11, 11, 11, 11, 11, 4, 4, 11, 4, 11, 10], [10, 4, 11, 11, 4, 4, 10, 10, 11, 11, 11, 11, 11, 4, 11, 11, 11, 11, 11, 4, 11, 4, 11, 11, 11, 11, 4, 11, 4, 11, 4, 11, 11, 11, 11, 5, 5, 4, 11, 10], [10, 11, 11, 1, 11, 10, 10, 4, 11, 11, 1, 4, 11, 1, 11, 4, 11, 11, 11, 4, 1, 11, 11, 11, 11, 11, 11, 11, 4, 11, 11, 11, 11, 11, 11, 5, 5, 4, 4, 10], [10, 11, 11, 11, 10, 10, 11, 4, 11, 11, 11, 11, 11, 11, 11, 11, 11, 11, 11, 11, 11, 4, 11, 11, 11, 11, 11, 4, 4, 11, 11, 11, 11, 11, 11, 11, 4, 11, 11, 10], [10, 11, 4, 4, 10, 4, 11, 11, 11, 11, 11, 11, 11, 11, 11, 4, 11, 11, 11, 11, 11, 1, 11, 11, 11, 11, 4, 11, 11, 11, 11, 4, 11, 11, 11, 11, 11, 5, 11, 10], [10, 11, 11, 10, 10, 4, 11, 4, 11, 1, 11, 4, 11, 11, 11, 11, 11, 11, 4, 11, 11, 11, 11, 11, 4, 11, 11, 1, 4, 11, 4, 11, 11, 4, 4, 11, 11, 5, 4, 10], [10, 10, 10, 11, 4, 1, 11, 11, 11, 11, 11, 4, 11, 4, 11, 11, 11, 11, 4, 4, 11, 11, 11, 11, 11, 4, 11, 4, 11, 11, 11, 11, 4, 1, 11, 11, 11, 5, 11, 10], [10, 10, 10, 11, 4, 11, 4, 4, 11, 11, 11, 11, 11, 11, 11, 4, 11, 11, 1, 11, 4, 1, 11, 11, 11, 4, 11, 4, 11, 11, 11, 11, 11, 11, 11, 11, 4, 4, 4, 10], [10, 10, 4, 11, 11, 11, 11, 4, 11, 4, 11, 4, 11, 11, 11, 11, 11, 11, 4, 11, 4, 11, 11, 4, 4, 11, 11, 11, 11, 11, 11, 4, 11, 11, 11, 11, 11, 11, 11, 10], [10, 11, 4, 1, 4, 11, 11, 11, 11, 4, 11, 11, 11, 11, 11, 11, 11, 11, 4, 4, 4, 11, 11, 4, 11, 4, 11, 11, 11, 11, 11, 11, 11, 11, 11, 11, 11, 11, 4, 10], [10, 11, 11, 4, 11, 11, 4, 11, 4, 1, 4, 11, 11, 4, 11, 4, 11, 11, 11, 4, 11, 1, 11, 11, 1, 11, 4, 11, 11, 4, 11, 11, 1, 11, 11, 1, 11, 11, 11, 10], [10, 11, 4, 4, 1, 11, 11, 11, 11, 11, 11, 11, 4, 11, 11, 11, 11, 11, 11, 11, 11, 11, 11, 11, 4, 11, 11, 4, 11, 4, 11, 4, 11, 4, 11, 4, 11, 11, 4, 10], [10, 11, 11, 11, 11, 4, 4, 11, 11, 11, 11, 1, 11, 11, 11, 11, 11, 11, 11, 11, 11, 11, 4, 4, 4, 4, 11, 11, 11, 11, 11, 11, 11, 11, 11, 11, 4, 11, 11, 10], [10, 4, 4, 4, 11, 4, 11, 11, 11, 4, 11, 11, 11, 11, 11, 11, 11, 4, 11, 11, 11, 11, 11, 11, 4, 4, 1, 11, 11, 11, 11, 11, 11, 11, 11, 4, 11, 4, 11, 10], [10, 11, 11, 11, 11, 11, 4, 11, 4, 4, 11, 4, 4, 4, 1, 11, 11, 11, 11, 11, 1, 11, 11, 11, 11, 11, 11, 11, 11, 4, 4, 4, 4, 11, 1, 11, 4, 11, 11, 10], [10, 11, 11, 11, 11, 11, 11, 4, 4, 11, 11, 11, 11, 11, 11, 11, 11, 11, 11, 11, 11, 4, 11, 4, 11, 11, 11, 1, 11, 11, 11, 11, 11, 11, 11, 11, 11, 11, 11, 10], [10, 4, 11, 1, 4, 4, 4, 4, 11, 4, 11, 11, 11, 11, 11, 11, 1, 4, 11, 11, 11, 11, 11, 4, 11, 11, 11, 4, 11, 11, 11, 11, 11, 11, 11, 11, 11, 11, 11, 10], [10, 11, 11, 11, 11, 11, 11, 11, 11, 11, 11, 11, 11, 5, 4, 11, 11, 4, 5, 11, 11, 11, 11, 11, 11, 11, 11, 11, 4, 1, 4, 11, 4, 11, 11, 11, 1, 11, 4, 10], [10, 11, 4, 11, 11, 11, 11, 11, 11, 11, 11, 4, 4, 11, 11, 5, 4, 11, 5, 11, 11, 11, 4, 11, 11, 4, 4, 11, 4, 11, 4, 11, 4, 11, 4, 4, 11, 4, 11, 10], [10, 11, 4, 11, 11, 4, 11, 11, 11, 4, 11, 4, 4, 11, 11, 4, 11, 5, 5, 11, 11, 11, 4, 11, 11, 11, 11, 4, 11, 11, 11, 11, 11, 4, 11, 11, 4, 1, 11, 10], [10, 4, 4, 11, 4, 11, 11, 11, 11, 11, 11, 11, 11, 4, 11, 11, 11, 11, 11, 11, 4, 11, 11, 11, 4, 11, 11, 1, 11, 11, 4, 11, 11, 11, 4, 11, 11, 11, 11, 10], [10, 11, 11, 11, 11, 4, 11, 4, 4, 11, 11, 11, 1, 11, 11, 11, 11, 11, 4, 11, 11, 11, 1, 11, 4, 11, 4, 11, 11, 11, 11, 11, 11, 11, 11, 11, 11, 4, 4, 10], [10, 11, 11, 1, 11, 11, 11, 11, 4, 4, 11, 4, 11, 11, 11, 11, 4, 1, 11, 11, 1, 5, 11, 4, 11, 11, 11, 11, 1, 11, 11, 11, 11, 4, 4, 11, 11, 11, 11, 10], [10, 11, 11, 11, 11, 11, 4, 11, 11, 4, 4, 11, 4, 11, 11, 11, 11, 5, 11, 5, 11, 5, 11, 4, 11, 11, 4, 11, 11, 11, 4, 4, 11, 4, 11, 11, 11, 4, 11, 10], [10, 4, 4, 4, 4, 11, 11, 11, 11, 4, 4, 11, 4, 11, 11, 4, 11, 11, 11, 4, 4, 4, 1, 4, 11, 4, 11, 11, 11, 11, 11, 1, 11, 4, 11, 11, 11, 11, 11, 10], [10, 11, 11, 11, 11, 11, 11, 11, 4, 11, 11, 11, 11, 11, 11, 1, 11, 4, 11, 11, 11, 11, 11, 11, 11, 4, 11, 4, 4, 11, 11, 11, 11, 4, 11, 11, 11, 11, 10, 10], [10, 11, 11, 11, 11, 4, 11, 11, 11, 4, 11, 11, 4, 11, 11, 11, 11, 11, 11, 11, 11, 4, 11, 11, 11, 11, 11, 11, 11, 4, 4, 11, 11, 1, 11, 11, 4, 11, 10, 10], [10, 11, 4, 11, 11, 11, 4, 11, 4, 11, 11, 4, 4, 11, 11, 11, 11, 11, 11, 11, 4, 11, 4, 11, 11, 11, 11, 11, 11, 4, 4, 11, 11, 11, 4, 11, 10, 10, 11, 10], [10, 11, 4, 11, 11, 4, 4, 11, 11, 4, 11, 4, 4, 11, 11, 11, 11, 11, 4, 4, 11, 4, 4, 11, 11, 4, 4, 11, 11, 11, 11, 11, 4, 11, 11, 11, 10, 11, 11, 10], [10, 10, 2, 11, 4, 4, 11, 4, 4, 11, 11, 11, 11, 4, 11, 11, 11, 4, 4, 4, 1, 11, 11, 4, 11, 11, 11, 11, 4, 11, 11, 11, 4, 11, 11, 10, 4, 11, 11, 10], [10, 11, 10, 11, 4, 4, 11, 4, 11, 11, 4, 1, 11, 11, 4, 11, 11, 11, 11, 4, 11, 4, 11, 11, 1, 11, 11, 11, 4, 11, 1, 11, 11, 11, 10, 11, 11, 11, 11, 10], [10, 4, 11, 10, 2, 11, 11, 11, 11, 4, 11, 11, 11, 4, 11, 11, 11, 11, 11, 11, 11, 11, 11, 11, 11, 11, 4, 11, 11, 11, 11, 11, 4, 10, 4, 10, 11, 4, 11, 10], [10, 11, 11, 4, 10, 11, 11, 11, 4, 11, 11, 11, 11, 4, 11, 11, 4, 11, 11, 11, 11, 11, 11, 11, 11, 11, 11, 11, 4, 11, 11, 11, 10, 11, 11, 10, 11, 11, 4, 10], [10, 10, 10, 10, 10, 10, 10, 10, 10, 10, 10, 10, 10, 10, 10, 10, 10, 10, 10, 10, 10, 10, 10, 10, 10, 10, 10, 10, 10, 10, 10, 10, 10, 10, 10, 10, 10, 10, 10, 10]]}

UTC now: 2026-03-21T09:33:05
